# y-coordinates
6.2945e-05,0.000141772,0.000240454,0.000363936,0.000518364,0.000711358,0.000952338,0.00125291,0.00162728,0.00209281,0.00267044,0.00338531,0.00426716,0.00535065,0.00667534,0.00828527,0.0102276,0.0125505,0.0152996,0.0185128,0.0222144,0.0264081,0.0310706,0.0361467,0.0415483,0.0471588,0.0528412,0.0584517,0.0638533,0.0689294,0.0735919,0.0777856,0.0814872,0.0847004,0.0874495,0.0897724,0.0917147,0.0933247,0.0946494,0.0957328,0.0966147,0.0973296,0.0979072,0.0983727,0.0987471,0.0990477,0.0992886,0.0994816,0.0996361,0.0997595,0.0998582,
# time, u-field
0,0,0,0,0,0,0,0,0,0,0,0,0,0,0,0,0,0,0,0,0,0,0,0,0,0,0,0,0,0,0,0,0,0,0,0,0,0,0,0,0,0,0,0,0,0,0,0,0,0,0,0,
0.01,9.97856e-06,3.24819e-05,6.06132e-05,9.57515e-05,0.000139598,0.00019424,0.000262228,0.000346654,0.000451231,0.000580365,0.000739204,0.000933635,0.00117019,0.00145585,0.00179756,0.0022016,0.00267248,0.0032115,0.00381496,0.00447217,0.00516365,0.00586017,0.00652323,0.00710782,0.00756748,0.00786125,0.00796083,0.00785615,0.00755741,0.00709301,0.00650403,0.00583697,0.00513688,0.00444227,0.00378237,0.00317662,0.00263568,0.0021632,0.00175783,0.00141503,0.00112849,0.000891205,0.000696191,0.000536881,0.000407367,0.000302486,0.000217815,0.000149631,9.48317e-05,5.08601e-05,1.56215e-05,
0.02,1.99571e-05,6.49637e-05,0.000121226,0.000191503,0.000279195,0.000388479,0.000524456,0.000693307,0.000902461,0.00116073,0.00147841,0.00186727,0.00234038,0.00291169,0.00359512,0.0044032,0.00534495,0.00642299,0.0076299,0.00894432,0.0103273,0.0117203,0.0130464,0.0142156,0.0151349,0.0157225,0.0159216,0.0157123,0.0151148,0.014186,0.013008,0.0116739,0.0102737,0.00888453,0.00756473,0.00635324,0.00527135,0.00432639,0.00351565,0.00283005,0.00225697,0.00178241,0.00139238,0.00107376,0.000814734,0.000604971,0.00043563,0.000299261,0.000189663,0.00010172,3.12429e-05,
0.03,2.99356e-05,9.74454e-05,0.000181839,0.000287253,0.000418791,0.000582717,0.000786682,0.00103996,0.00135369,0.00174109,0.00221761,0.00280089,0.00351057,0.00436753,0.00539267,0.00660479,0.00801741,0.00963446,0.0114448,0.0134164,0.0154909,0.0175805,0.0195696,0.0213234,0.0227024,0.0235837,0.0238824,0.0235684,0.0226722,0.021279,0.019512,0.0175108,0.0154106,0.0133268,0.0113471,0.00952983,0.00790701,0.00648957,0.00527347,0.00424507,0.00338545,0.00267361,0.00208857,0.00161064,0.0012221,0.000907454,0.000653443,0.000448891,0.000284494,0.00015258,4.68643e-05,
0.04,3.9914e-05,0.000129927,0.000242451,0.000383004,0.000558387,0.000776954,0.00104891,0.00138661,0.00180491,0.00232145,0.0029568,0.00373451,0.00468075,0.00582335,0.0071902,0.00880636,0.0106899,0.0128459,0.0152597,0.0178885,0.0206545,0.0234405,0.0260928,0.0284311,0.0302697,0.0314448,0.0318431,0.0314244,0.0302294,0.0283719,0.0260159,0.0233477,0.0205474,0.017769,0.0151294,0.0127064,0.0105426,0.00865273,0.00703127,0.00566007,0.00451391,0.0035648,0.00278475,0.00214751,0.00162946,0.00120994,0.000871255,0.000598519,0.000379324,0.000203439,6.24855e-05,
0.05,4.98923e-05,0.000162408,0.000303063,0.000478753,0.000697981,0.000971189,0.00131113,0.00173325,0.00225613,0.0029018,0.00369598,0.00466813,0.00585091,0.00727916,0.00898772,0.0110079,0.0133623,0.0160573,0.0190746,0.0223606,0.025818,0.0293006,0.0326158,0.0355387,0.037837,0.0393059,0.0398038,0.0392804,0.0377867,0.0354647,0.0325198,0.0291845,0.0256841,0.0222111,0.0189117,0.0158829,0.0131783,0.0108159,0.00878906,0.00707506,0.00564237,0.00445598,0.00348092,0.00268438,0.00203682,0.00151241,0.00108906,0.000748146,0.000474153,0.000254298,7.81066e-05,
0.06,5.98705e-05,0.000194889,0.000363674,0.0005745,0.000837573,0.00116542,0.00157335,0.00207989,0.00270735,0.00348214,0.00443516,0.00560172,0.00702106,0.00873495,0.0107852,0.0132094,0.0160346,0.0192687,0.0228894,0.0268326,0.0309815,0.0351605,0.0391388,0.0426463,0.0454042,0.0471668,0.0477643,0.0471362,0.0453438,0.0425574,0.0390236,0.0350213,0.0308208,0.0266532,0.0226939,0.0190595,0.0158138,0.012979,0.0105468,0.00849003,0.00677081,0.00534715,0.00417709,0.00322124,0.00244417,0.00181489,0.00130687,0.000897771,0.000568982,0.000305156,9.37275e-05,
0.07,6.98485e-05,0.000227369,0.000424284,0.000670247,0.000977163,0.00135965,0.00183556,0.00242653,0.00315855,0.00406247,0.00517432,0.00653531,0.00819119,0.0101907,0.0125827,0.0154109,0.018707,0.02248,0.0267042,0.0313045,0.0361448,0.0410204,0.0456617,0.0497537,0.0529713,0.0550276,0.0557247,0.0549919,0.0529008,0.0496501,0.0455273,0.0408579,0.0359574,0.0310953,0.0264761,0.0222359,0.0184494,0.0151421,0.0123046,0.00990499,0.00789924,0.00623831,0.00487324,0.00375809,0.00285151,0.00211736,0.00152468,0.00104739,0.000663808,0.000356013,0.000109348,
0.08,7.98264e-05,0.000259848,0.000484893,0.000765991,0.00111675,0.00155388,0.00209777,0.00277316,0.00360975,0.0046428,0.00591348,0.00746888,0.0093613,0.0116465,0.0143801,0.0176124,0.0213793,0.0256913,0.0305188,0.0357764,0.0413081,0.0468801,0.0521845,0.056861,0.0605383,0.0628883,0.063685,0.0628475,0.0604577,0.0567426,0.0520308,0.0466945,0.041094,0.0355372,0.0302582,0.0254123,0.0210849,0.0173051,0.0140623,0.0113199,0.00902764,0.00712945,0.00556938,0.00429493,0.00325885,0.00241982,0.00174247,0.00119701,0.000758633,0.00040687,0.000124968,
0.09,8.9804e-05,0.000292327,0.0005455,0.000861734,0.00125634,0.0017481,0.00235997,0.00311978,0.00406094,0.00522311,0.00665261,0.00840243,0.0105314,0.0131022,0.0161775,0.0198138,0.0240515,0.0289025,0.0343335,0.0402481,0.0464713,0.0527398,0.0587071,0.0639682,0.068105,0.0707489,0.0716451,0.070703,0.0680144,0.063835,0.0585343,0.0525309,0.0462304,0.0399791,0.0340402,0.0285886,0.0237203,0.0194681,0.0158199,0.0127348,0.010156,0.00802058,0.00626551,0.00483177,0.00366618,0.00272228,0.00196027,0.00134663,0.000853456,0.000457725,0.000140589,
0.1,9.97814e-05,0.000324805,0.000606107,0.000957475,0.00139592,0.00194232,0.00262217,0.0034664,0.00451212,0.00580341,0.00739173,0.00933596,0.0117014,0.0145579,0.0179749,0.0220151,0.0267237,0.0321136,0.038148,0.0447198,0.0516344,0.0585993,0.0652296,0.0710752,0.0756717,0.0786092,0.079605,0.0785582,0.0755709,0.0709272,0.0650376,0.0583672,0.0513667,0.0444209,0.0378221,0.0317649,0.0263557,0.0216311,0.0175776,0.0141497,0.0112844,0.00891168,0.00696162,0.00536858,0.0040735,0.00302473,0.00217806,0.00149625,0.000948277,0.00050858,0.000156208,
0.11,0.000109759,0.000357283,0.000666711,0.00105321,0.00153549,0.00213653,0.00288436,0.003813,0.00496329,0.00638369,0.00813083,0.0102695,0.0128715,0.0160135,0.0197722,0.0242164,0.0293958,0.0353247,0.0419624,0.0491913,0.0567973,0.0644586,0.0717519,0.078182,0.0832381,0.0864694,0.0875647,0.0864133,0.0831273,0.0780192,0.0715407,0.0642034,0.0565028,0.0488625,0.041604,0.0349411,0.028991,0.0237939,0.0193351,0.0155645,0.0124127,0.00980276,0.00765772,0.00590539,0.00448081,0.00332717,0.00239585,0.00164586,0.0010431,0.000559433,0.000171828,
0.12,0.000119736,0.000389759,0.000727315,0.00114895,0.00167507,0.00233074,0.00314655,0.0041596,0.00541444,0.00696396,0.00886992,0.0112029,0.0140415,0.0174691,0.0215694,0.0264176,0.0320678,0.0385357,0.0457767,0.0536627,0.0619601,0.0703178,0.0782741,0.0852887,0.0908043,0.0943293,0.0955242,0.0942681,0.0906834,0.085111,0.0780436,0.0700394,0.0616389,0.053304,0.0453857,0.0381172,0.0316262,0.0259568,0.0210927,0.0169793,0.013541,0.0106938,0.00835379,0.00644218,0.00488811,0.00362961,0.00261362,0.00179546,0.00113791,0.000610284,0.000187446,
0.13,0.000129712,0.000422235,0.000787916,0.00124468,0.00181464,0.00252494,0.00340872,0.00450618,0.00586559,0.00754421,0.00960897,0.0121364,0.0152114,0.0189247,0.0233666,0.0286188,0.0347398,0.0417465,0.0495909,0.058134,0.0671227,0.0761768,0.084796,0.0923951,0.0983703,0.102189,0.103483,0.102123,0.0982394,0.0922026,0.0845464,0.0758752,0.0667747,0.0577454,0.0491673,0.0412932,0.0342614,0.0281196,0.0228502,0.018394,0.0146693,0.0115848,0.00904984,0.00697896,0.0052954,0.00393204,0.0028314,0.00194506,0.00123272,0.000661134,0.000203065,
0.14,0.000139688,0.000454709,0.000848515,0.00134041,0.0019542,0.00271913,0.00367089,0.00485276,0.00631671,0.00812444,0.010348,0.0130698,0.0163814,0.0203802,0.0251638,0.0308199,0.0374116,0.0449573,0.053405,0.0626052,0.0722852,0.0820356,0.0913177,0.0995013,0.105936,0.110048,0.111442,0.109977,0.105795,0.099294,0.0910489,0.0817108,0.0719104,0.0621867,0.0529488,0.044469,0.0368964,0.0302822,0.0246076,0.0198087,0.0157975,0.0124758,0.00974587,0.00751571,0.00570267,0.00423445,0.00304916,0.00209466,0.00132753,0.000711983,0.000218683,
0.15,0.000149664,0.000487183,0.000909112,0.00143614,0.00209376,0.00291332,0.00393305,0.00519932,0.00676782,0.00870465,0.011087,0.0140032,0.0175512,0.0218356,0.0269609,0.0330209,0.0400834,0.0481679,0.0572189,0.0670761,0.0774474,0.0878942,0.0978392,0.106607,0.113502,0.117908,0.119401,0.117831,0.11335,0.106385,0.0975512,0.0875462,0.0770459,0.0666278,0.0567302,0.0476448,0.0395314,0.0324449,0.0263649,0.0212234,0.0169257,0.0133668,0.0104419,0.00805245,0.00610993,0.00453686,0.00326692,0.00224425,0.00142234,0.000762829,0.0002343,
0.16,0.00015964,0.000519655,0.000969707,0.00153186,0.00223332,0.0031075,0.0041952,0.00554587,0.00721892,0.00928484,0.011826,0.0149365,0.0187211,0.023291,0.0287579,0.0352219,0.0427551,0.0513784,0.0610327,0.0715469,0.0826095,0.0937526,0.10436,0.113713,0.121067,0.125766,0.12736,0.125685,0.120906,0.113476,0.104053,0.0933814,0.0821813,0.0710687,0.0605114,0.0508205,0.0421663,0.0346074,0.0281222,0.022638,0.0180538,0.0142577,0.0111379,0.00858917,0.00651718,0.00483925,0.00348467,0.00239383,0.00151714,0.000813674,0.000249917,
0.17,0.000169615,0.000552125,0.0010303,0.00162758,0.00237287,0.00330167,0.00445734,0.0058924,0.00766999,0.00986501,0.0125649,0.0158699,0.0198909,0.0247464,0.0305548,0.0374227,0.0454266,0.0545888,0.0648464,0.0760176,0.0877714,0.0996108,0.110881,0.120818,0.128632,0.133625,0.135318,0.133538,0.12846,0.120567,0.110555,0.0992164,0.0873164,0.0755094,0.0642925,0.053996,0.0448011,0.0367699,0.0298795,0.0240525,0.0191819,0.0151486,0.0118338,0.00912587,0.0069244,0.00514163,0.00370241,0.00254341,0.00161194,0.000864517,0.000265533,
0.18,0.00017959,0.000584595,0.00109089,0.00172329,0.00251241,0.00349584,0.00471946,0.00623892,0.00812105,0.0104451,0.0133039,0.0168031,0.0210606,0.0262017,0.0323517,0.0396235,0.0480981,0.0577991,0.0686599,0.080488,0.0929331,0.105469,0.117402,0.127923,0.136196,0.141483,0.143275,0.141391,0.136015,0.127657,0.117057,0.105051,0.0924513,0.07995,0.0680734,0.0571714,0.0474357,0.0389322,0.0316366,0.025467,0.02031,0.0160395,0.0125297,0.00966254,0.00733161,0.005444,0.00392014,0.00269299,0.00170674,0.000915357,0.000281148,
0.19,0.000189564,0.000617062,0.00115148,0.001819,0.00265195,0.00368999,0.00498158,0.00658543,0.00857208,0.0110253,0.0140427,0.0177364,0.0222303,0.0276569,0.0341485,0.0418241,0.0507694,0.0610092,0.0724732,0.0849582,0.0980945,0.111326,0.123923,0.135028,0.14376,0.149341,0.151233,0.149244,0.143569,0.134747,0.123558,0.110885,0.0975859,0.0843903,0.0718541,0.0603466,0.0500703,0.0410945,0.0333937,0.0268814,0.021438,0.0169303,0.0132256,0.0101992,0.0077388,0.00574636,0.00413786,0.00284255,0.00180153,0.000966195,0.000296763,
0.2,0.000199538,0.000649529,0.00121206,0.00191471,0.00279148,0.00388414,0.00524368,0.00693191,0.0090231,0.0116053,0.0147816,0.0186695,0.0233999,0.029112,0.0359452,0.0440247,0.0534406,0.0642192,0.0762863,0.0894282,0.103256,0.117184,0.130443,0.142132,0.151324,0.157199,0.15919,0.157097,0.151123,0.141836,0.130059,0.11672,0.10272,0.0888305,0.0756347,0.0635217,0.0527047,0.0432566,0.0351507,0.0282958,0.0225659,0.0178211,0.0139215,0.0107358,0.00814597,0.0060487,0.00435557,0.00299211,0.00189631,0.00101703,0.000312377,
0.21,0.000209511,0.000681993,0.00127264,0.00201041,0.002931,0.00407828,0.00550577,0.00727838,0.00947409,0.0121854,0.0155204,0.0196027,0.0245695,0.0305671,0.0377418,0.0462251,0.0561117,0.0674289,0.0800992,0.093898,0.108417,0.123041,0.136962,0.149236,0.158888,0.165056,0.167146,0.164949,0.158676,0.148926,0.136559,0.122554,0.107854,0.0932704,0.079415,0.0666967,0.0553389,0.0454187,0.0369076,0.02971,0.0236938,0.0187118,0.0146173,0.0112724,0.00855312,0.00635102,0.00457327,0.00314166,0.00199109,0.00106786,0.00032799,
0.22,0.000219484,0.000714456,0.00133322,0.0021061,0.00307052,0.0042724,0.00576784,0.00762484,0.00992505,0.0127654,0.0162592,0.0205358,0.025739,0.0320221,0.0395383,0.0484254,0.0587826,0.0706386,0.0839119,0.0983676,0.113577,0.128897,0.143482,0.15634,0.166451,0.172912,0.175103,0.1728,0.166229,0.156014,0.143059,0.128387,0.112988,0.0977101,0.0831952,0.0698714,0.0579731,0.0475806,0.0386644,0.0311242,0.0248216,0.0196025,0.0153131,0.011809,0.00896025,0.00665333,0.00479096,0.00329121,0.00208587,0.00111869,0.000343602,
0.23,0.000229456,0.000746917,0.00139379,0.00220179,0.00321003,0.00446652,0.0060299,0.00797127,0.010376,0.0133454,0.0169979,0.0214688,0.0269085,0.033477,0.0413347,0.0506256,0.0614534,0.073848,0.0877245,0.102837,0.118738,0.134754,0.150001,0.163443,0.174013,0.180768,0.183058,0.180651,0.173782,0.163103,0.149559,0.13422,0.118122,0.102149,0.0869751,0.073046,0.0606071,0.0497424,0.0404211,0.0325384,0.0259494,0.0204932,0.0160088,0.0123455,0.00936736,0.00695562,0.00500863,0.00344074,0.00218064,0.00116952,0.000359214,
0.24,0.000239427,0.000779377,0.00145436,0.00229748,0.00334953,0.00466062,0.00629195,0.00831768,0.0108269,0.0139254,0.0177366,0.0224018,0.0280778,0.0349318,0.043131,0.0528257,0.064124,0.0770573,0.0915368,0.107306,0.123898,0.14061,0.15652,0.170546,0.181576,0.188624,0.191014,0.188502,0.181334,0.170191,0.156059,0.140053,0.123255,0.106589,0.0907549,0.0762204,0.0632409,0.0519041,0.0421777,0.0339524,0.0270771,0.0213837,0.0167045,0.012882,0.00977444,0.0072579,0.00522629,0.00359027,0.00227541,0.00122035,0.000374824,
0.25,0.000249398,0.000811834,0.00151493,0.00239316,0.00348902,0.00485471,0.00655398,0.00866407,0.0112778,0.0145053,0.0184752,0.0233347,0.0292471,0.0363866,0.0449272,0.0550256,0.0667944,0.0802663,0.0953488,0.111775,0.129057,0.146466,0.163038,0.177649,0.189137,0.196479,0.198968,0.196352,0.188885,0.177279,0.162558,0.145886,0.128388,0.111028,0.0945344,0.0793946,0.0658746,0.0540657,0.0439341,0.0353663,0.0282047,0.0222743,0.0174002,0.0134185,0.0101815,0.00756015,0.00544394,0.00373978,0.00237017,0.00127117,0.000390434,
0.26,0.000259369,0.000844289,0.00157549,0.00248883,0.0036285,0.00504879,0.00681599,0.00901044,0.0117287,0.0150852,0.0192138,0.0242676,0.0304164,0.0378412,0.0467233,0.0572254,0.0694647,0.0834752,0.0991606,0.116243,0.134217,0.152321,0.169556,0.184751,0.196699,0.204334,0.206923,0.204202,0.196437,0.184366,0.169057,0.151718,0.133521,0.115466,0.0983136,0.0825686,0.0685081,0.0562271,0.0456905,0.0367802,0.0293323,0.0231647,0.0180958,0.0139549,0.0105885,0.00786239,0.00566158,0.00388929,0.00246492,0.00132199,0.000406043,
0.27,0.000269338,0.000876742,0.00163605,0.0025845,0.00376797,0.00524286,0.00707798,0.00935678,0.0121795,0.015665,0.0199524,0.0252004,0.0315855,0.0392958,0.0485193,0.059425,0.0721348,0.0866838,0.102972,0.120711,0.139376,0.158176,0.176073,0.191852,0.204259,0.212189,0.214876,0.212051,0.203987,0.191452,0.175555,0.15755,0.138653,0.119904,0.102093,0.0857424,0.0711414,0.0583883,0.0474468,0.038194,0.0304597,0.0240551,0.0187914,0.0144913,0.0109955,0.0081646,0.0058792,0.00403879,0.00255967,0.0013728,0.00042165,
0.28,0.000279307,0.000909193,0.00169661,0.00268016,0.00390744,0.00543691,0.00733996,0.00970311,0.0126303,0.0162449,0.0206909,0.0261331,0.0327546,0.0407502,0.0503151,0.0616245,0.0748047,0.0898922,0.106783,0.125179,0.144534,0.164031,0.18259,0.198953,0.211819,0.220042,0.22283,0.219899,0.211538,0.198539,0.182053,0.163381,0.143785,0.124342,0.105871,0.088916,0.0737746,0.0605495,0.0492029,0.0396076,0.0315872,0.0249455,0.0194869,0.0150277,0.0114025,0.0084668,0.00609681,0.00418828,0.00265441,0.00142361,0.000437257,
0.29,0.000289276,0.000941641,0.00175716,0.00277581,0.00404689,0.00563095,0.00760192,0.0100494,0.0130811,0.0168246,0.0214293,0.0270658,0.0339236,0.0422046,0.0521108,0.0638239,0.0774745,0.0931004,0.110595,0.129647,0.149693,0.169885,0.189107,0.206054,0.219379,0.227895,0.230782,0.227748,0.219087,0.205624,0.18855,0.169212,0.148917,0.12878,0.10965,0.0920894,0.0764075,0.0627104,0.050959,0.0410212,0.0327145,0.0258358,0.0201824,0.015564,0.0118095,0.00876898,0.0063144,0.00433775,0.00274914,0.00147442,0.000452862,
0.3,0.000299243,0.000974087,0.00181771,0.00287145,0.00418634,0.00582498,0.00786386,0.0103957,0.0135318,0.0174043,0.0221677,0.0279984,0.0350925,0.0436588,0.0539064,0.066023,0.080144,0.0963084,0.114405,0.134114,0.154851,0.175738,0.195623,0.213154,0.226938,0.235748,0.238734,0.235595,0.226636,0.21271,0.195047,0.175043,0.154048,0.133218,0.113428,0.0952625,0.0790403,0.0648713,0.0527149,0.0424347,0.0338417,0.026726,0.0208778,0.0161003,0.0122164,0.00907113,0.00653197,0.00448722,0.00284387,0.00152522,0.000468466,
0.31,0.00030921,0.00100653,0.00187825,0.00296709,0.00432577,0.00601899,0.00812578,0.0107419,0.0139825,0.017984,0.022906,0.0289309,0.0362613,0.045113,0.0557018,0.068222,0.0828133,0.0995161,0.118216,0.138581,0.160008,0.181592,0.202138,0.220253,0.234497,0.2436,0.246686,0.243442,0.234185,0.219794,0.201543,0.180873,0.159179,0.137655,0.117206,0.0984354,0.0816729,0.0670319,0.0544706,0.043848,0.0349689,0.0276162,0.0215732,0.0166366,0.0126233,0.00937326,0.00674953,0.00463667,0.00293859,0.00157602,0.00048407,
0.32,0.000319176,0.00103897,0.00193878,0.00306272,0.00446519,0.00621299,0.00838768,0.0110881,0.0144332,0.0185637,0.0236443,0.0298634,0.03743,0.046567,0.0574971,0.0704209,0.0854824,0.102724,0.122026,0.143047,0.165165,0.187444,0.208653,0.227352,0.242055,0.251451,0.254637,0.251288,0.241733,0.226878,0.208039,0.186702,0.164309,0.142091,0.120984,0.101608,0.0843053,0.0691924,0.0562262,0.0452613,0.0360959,0.0285063,0.0222685,0.0171728,0.0130301,0.00967536,0.00696708,0.00478612,0.0030333,0.00162682,0.000499671,
0.33,0.000329141,0.00107141,0.00199932,0.00315835,0.0046046,0.00640697,0.00864955,0.0114343,0.0148838,0.0191433,0.0243825,0.0307958,0.0385987,0.0480209,0.0592923,0.0726195,0.0881514,0.105931,0.125836,0.147514,0.170322,0.193297,0.215168,0.23445,0.249612,0.259302,0.262587,0.259134,0.24928,0.233962,0.214534,0.192531,0.169439,0.146528,0.124761,0.10478,0.0869374,0.0713527,0.0579817,0.0466744,0.0372229,0.0293963,0.0229638,0.0177089,0.0134369,0.00997744,0.0071846,0.00493555,0.00312801,0.00167761,0.000515272,
0.34,0.000339106,0.00110385,0.00205984,0.00325396,0.004744,0.00660093,0.00891141,0.0117805,0.0153344,0.0197228,0.0251207,0.0317281,0.0397672,0.0494747,0.0610873,0.074818,0.09082,0.109138,0.129645,0.151979,0.175479,0.199149,0.221682,0.241548,0.257169,0.267152,0.270536,0.266979,0.256827,0.241045,0.221029,0.19836,0.174569,0.150964,0.128538,0.107952,0.0895693,0.0735128,0.059737,0.0480874,0.0383498,0.0302862,0.023659,0.0182451,0.0138437,0.0102795,0.0074021,0.00508497,0.0032227,0.0017284,0.000530871,
0.35,0.000349069,0.00113628,0.00212037,0.00334957,0.00488339,0.00679488,0.00917324,0.0121266,0.0157849,0.0203023,0.0258588,0.0326603,0.0409356,0.0509283,0.0628822,0.0770163,0.0934885,0.112344,0.133455,0.156445,0.180634,0.205,0.228195,0.248645,0.264725,0.275002,0.278485,0.274823,0.264373,0.248127,0.227523,0.204188,0.179698,0.155399,0.132315,0.111124,0.092201,0.0756727,0.0614922,0.0495003,0.0394766,0.0311761,0.0243541,0.0187811,0.0142505,0.0105815,0.00761959,0.00523437,0.00331739,0.00177918,0.000546469,
0.36,0.000359032,0.00116871,0.00218088,0.00344517,0.00502276,0.00698881,0.00943505,0.0124727,0.0162354,0.0208817,0.0265968,0.0335925,0.0421039,0.0523818,0.0646769,0.0792144,0.0961567,0.115551,0.137263,0.16091,0.18579,0.210851,0.234708,0.255742,0.27228,0.28285,0.286433,0.282667,0.271918,0.255209,0.234017,0.210016,0.184827,0.159834,0.136091,0.114296,0.0948325,0.0778325,0.0632473,0.0509131,0.0406033,0.0320659,0.0250492,0.0193171,0.0146572,0.0108835,0.00783706,0.00538376,0.00341207,0.00182996,0.000562066,
0.37,0.000368994,0.00120114,0.00224139,0.00354076,0.00516213,0.00718272,0.00969684,0.0128188,0.0166859,0.0214611,0.0273348,0.0345245,0.0432722,0.0538352,0.0664714,0.0814123,0.0988247,0.118757,0.141072,0.165375,0.190945,0.216701,0.24122,0.262837,0.279835,0.290698,0.294381,0.29051,0.279463,0.26229,0.24051,0.215843,0.189955,0.164269,0.139867,0.117467,0.0974638,0.079992,0.0650021,0.0523258,0.0417299,0.0329556,0.0257442,0.0198531,0.0150639,0.0111855,0.00805451,0.00553314,0.00350675,0.00188074,0.000577661,
0.38,0.000378954,0.00123356,0.0023019,0.00363634,0.00530147,0.00737661,0.0099586,0.0131648,0.0171363,0.0220404,0.0280727,0.0354565,0.0444403,0.0552885,0.0682657,0.08361,0.101492,0.121963,0.14488,0.169839,0.196099,0.222551,0.247732,0.269933,0.287389,0.298546,0.302327,0.298352,0.287007,0.26937,0.247003,0.22167,0.195083,0.168704,0.143643,0.120638,0.100095,0.0821514,0.0667568,0.0537383,0.0428563,0.0338452,0.0264392,0.020389,0.0154705,0.0114875,0.00827193,0.00568251,0.00360141,0.00193151,0.000593255,
0.39,0.000388914,0.00126598,0.0023624,0.00373191,0.00544081,0.00757049,0.0102203,0.0135108,0.0175867,0.0226197,0.0288105,0.0363884,0.0456083,0.0567416,0.0700599,0.0858074,0.10416,0.125168,0.148688,0.174303,0.201253,0.2284,0.254243,0.277027,0.294942,0.306392,0.310273,0.306193,0.29455,0.27645,0.253494,0.227496,0.20021,0.173137,0.147418,0.123809,0.102725,0.0843105,0.0685113,0.0551506,0.0439827,0.0347347,0.027134,0.0209249,0.0158771,0.0117894,0.00848934,0.00583186,0.00369606,0.00198227,0.000608847,
0.4,0.000398873,0.0012984,0.00242289,0.00382747,0.00558013,0.00776435,0.010482,0.0138568,0.0180371,0.0231989,0.0295482,0.0373202,0.0467762,0.0581946,0.0718539,0.0880047,0.106827,0.128373,0.152495,0.178766,0.206407,0.234249,0.260753,0.284121,0.302495,0.314238,0.318218,0.314034,0.302092,0.283529,0.259986,0.233321,0.205337,0.177571,0.151193,0.126979,0.105356,0.0864694,0.0702657,0.0565629,0.045109,0.0356241,0.0278289,0.0214607,0.0162837,0.0120913,0.00870673,0.00598119,0.00379071,0.00203303,0.000624437,
0.41,0.000408831,0.00133081,0.00248338,0.00392303,0.00571944,0.00795818,0.0107437,0.0142027,0.0184873,0.0237781,0.0302859,0.0382519,0.0479439,0.0596474,0.0736478,0.0902017,0.109494,0.131578,0.156302,0.183229,0.21156,0.240097,0.267263,0.291214,0.310047,0.322083,0.326163,0.321874,0.309634,0.290607,0.266476,0.239146,0.210463,0.182004,0.154967,0.130149,0.107986,0.0886281,0.0720199,0.0579749,0.0462351,0.0365135,0.0285236,0.0219965,0.0166902,0.0123931,0.00892409,0.00613051,0.00388534,0.00208379,0.000640026,
0.42,0.000418788,0.00136322,0.00254386,0.00401857,0.00585873,0.008152,0.0110054,0.0145486,0.0189376,0.0243572,0.0310235,0.0391835,0.0491116,0.0611001,0.0754414,0.0923985,0.112161,0.134783,0.160109,0.187691,0.216712,0.245944,0.273772,0.298306,0.317598,0.329927,0.334106,0.329713,0.317175,0.297685,0.272966,0.24497,0.215588,0.186437,0.158741,0.133319,0.110616,0.0907866,0.0737739,0.0593869,0.0473611,0.0374028,0.0292183,0.0225322,0.0170967,0.0126949,0.00914143,0.00627982,0.00397997,0.00213453,0.000655614,
0.43,0.000428743,0.00139563,0.00260433,0.0041141,0.00599801,0.00834579,0.011267,0.0148945,0.0193878,0.0249362,0.031761,0.040115,0.0502791,0.0625526,0.0772349,0.0945951,0.114827,0.137987,0.163915,0.192153,0.221864,0.251791,0.28028,0.305398,0.325148,0.33777,0.342049,0.337551,0.324715,0.304762,0.279455,0.250794,0.220714,0.190869,0.162515,0.136488,0.113246,0.0929449,0.0755277,0.0607987,0.048487,0.0382919,0.0299129,0.0230679,0.0175031,0.0129967,0.00935875,0.0064291,0.00407458,0.00218528,0.0006712,
0.44,0.000438698,0.00142804,0.0026648,0.00420962,0.00613727,0.00853957,0.0115286,0.0152403,0.0198379,0.0255152,0.0324984,0.0410464,0.0514465,0.064005,0.0790281,0.0967914,0.117493,0.141191,0.167721,0.196615,0.227015,0.257637,0.286788,0.312489,0.332697,0.345613,0.349991,0.345388,0.332254,0.311838,0.285943,0.256617,0.225838,0.1953,0.166288,0.139657,0.115875,0.0951029,0.0772813,0.0622103,0.0496128,0.039181,0.0306074,0.0236035,0.0179095,0.0132985,0.00957604,0.00657838,0.00416919,0.00223602,0.000686784,
0.45,0.000448652,0.00146044,0.00272526,0.00430514,0.00627652,0.00873332,0.0117902,0.0155861,0.020288,0.0260941,0.0332358,0.0419777,0.0526137,0.0654572,0.0808212,0.0989875,0.120159,0.144394,0.171526,0.201076,0.232166,0.263482,0.293295,0.319579,0.340246,0.353454,0.357931,0.353225,0.339793,0.318913,0.292431,0.262439,0.230962,0.199731,0.170061,0.142826,0.118504,0.0972607,0.0790347,0.0636218,0.0507385,0.04007,0.0313018,0.024139,0.0183159,0.0136002,0.00979331,0.00672763,0.00426378,0.00228675,0.000702366,
0.46,0.000458604,0.00149283,0.00278572,0.00440064,0.00641575,0.00892705,0.0120517,0.0159319,0.0207381,0.026673,0.033973,0.0429089,0.0537809,0.0669092,0.082614,0.101183,0.122824,0.147597,0.175331,0.205536,0.237316,0.269327,0.299801,0.326668,0.347793,0.361295,0.365871,0.36106,0.347331,0.325987,0.298918,0.268261,0.236086,0.204162,0.173834,0.145994,0.121133,0.0994182,0.080788,0.0650331,0.051864,0.0409588,0.0319962,0.0246745,0.0187222,0.0139019,0.0100106,0.00687687,0.00435836,0.00233748,0.000717947,
0.47,0.000468555,0.00152523,0.00284617,0.00449613,0.00655497,0.00912076,0.0123132,0.0162776,0.0211881,0.0272517,0.0347102,0.0438399,0.0549478,0.068361,0.0844067,0.103379,0.12549,0.1508,0.179136,0.209996,0.242465,0.275171,0.306306,0.333756,0.35534,0.369134,0.37381,0.368895,0.354867,0.333061,0.305404,0.274082,0.241208,0.208592,0.177606,0.149162,0.123761,0.101575,0.082541,0.0664443,0.0529894,0.0418476,0.0326905,0.0252099,0.0191284,0.0142036,0.0102278,0.00702609,0.00445293,0.0023882,0.000733525,
0.48,0.000478505,0.00155762,0.00290661,0.0045916,0.00669417,0.00931444,0.0125747,0.0166232,0.021638,0.0278304,0.0354473,0.0447709,0.0561147,0.0698127,0.0861991,0.105574,0.128154,0.154002,0.18294,0.214455,0.247614,0.281015,0.312811,0.340844,0.362886,0.376973,0.381749,0.376729,0.362403,0.340134,0.31189,0.279902,0.246331,0.213022,0.181377,0.15233,0.12639,0.103732,0.0842938,0.0678553,0.0541147,0.0427363,0.0333847,0.0257452,0.0195346,0.0145052,0.010445,0.0071753,0.0045475,0.00243891,0.000749102,
0.49,0.000488454,0.00159,0.00296704,0.00468707,0.00683335,0.00950811,0.0128362,0.0169688,0.0220879,0.0284091,0.0361843,0.0457018,0.0572814,0.0712643,0.0879913,0.107769,0.130819,0.157204,0.186744,0.218914,0.252763,0.286857,0.319315,0.34793,0.370431,0.384811,0.389686,0.384561,0.369938,0.347206,0.318375,0.285722,0.251452,0.217451,0.185148,0.155497,0.129017,0.105889,0.0860464,0.0692661,0.0552398,0.0436248,0.0340788,0.0262805,0.0199408,0.0148068,0.0106621,0.00732448,0.00464204,0.00248962,0.000764677,
0.5,0.000498402,0.00162238,0.00302746,0.00478252,0.00697251,0.00970174,0.0130976,0.0173144,0.0225377,0.0289877,0.0369212,0.0466325,0.058448,0.0727156,0.0897833,0.109964,0.133483,0.160406,0.190547,0.223372,0.25791,0.292699,0.325818,0.355016,0.377975,0.392648,0.397622,0.392393,0.377472,0.354277,0.324858,0.29154,0.256573,0.221879,0.188919,0.158664,0.131645,0.108046,0.0877988,0.0706767,0.0563648,0.0445133,0.0347728,0.0268157,0.0203469,0.0151083,0.0108793,0.00747365,0.00473658,0.00254032,0.00078025,
0.51,0.000508348,0.00165476,0.00308788,0.00487797,0.00711166,0.00989536,0.013359,0.01766,0.0229875,0.0295661,0.037658,0.0475631,0.0596144,0.0741667,0.0915751,0.112159,0.136147,0.163607,0.194349,0.22783,0.263057,0.298541,0.33232,0.362101,0.385518,0.400484,0.405557,0.400224,0.385005,0.361347,0.331341,0.297359,0.261693,0.226307,0.192689,0.16183,0.134272,0.110202,0.0895509,0.0720872,0.0574896,0.0454016,0.0354668,0.0273509,0.0207529,0.0154098,0.0110964,0.0076228,0.00483111,0.00259102,0.000795821,
0.52,0.000518293,0.00168713,0.00314829,0.0049734,0.00725079,0.0100889,0.0136203,0.0180054,0.0234372,0.0301446,0.0383948,0.0484936,0.0607807,0.0756177,0.0933666,0.114353,0.13881,0.166807,0.198151,0.232287,0.268204,0.304381,0.338821,0.369185,0.39306,0.408319,0.413491,0.408054,0.392537,0.368416,0.337824,0.303176,0.266813,0.230735,0.196459,0.164996,0.136899,0.112358,0.0913028,0.0734974,0.0586143,0.0462898,0.0361606,0.027886,0.0211589,0.0157113,0.0113135,0.00777192,0.00492562,0.00264171,0.00081139,
0.53,0.000528237,0.0017195,0.00320869,0.00506881,0.0073899,0.0102825,0.0138816,0.0183509,0.0238869,0.0307229,0.0391314,0.049424,0.0619468,0.0770685,0.0951579,0.116547,0.141474,0.170008,0.201953,0.236744,0.273349,0.310221,0.345322,0.376268,0.400601,0.416153,0.421424,0.415883,0.400068,0.375484,0.344305,0.308993,0.271932,0.235161,0.200228,0.168161,0.139525,0.114514,0.0930545,0.0749075,0.0597389,0.0471779,0.0368544,0.028421,0.0215649,0.0160127,0.0115305,0.00792103,0.00502012,0.00269239,0.000826957,
0.54,0.000538179,0.00175187,0.00326909,0.00516422,0.00752899,0.010476,0.0141429,0.0186963,0.0243365,0.0313012,0.0398679,0.0503542,0.0631127,0.078519,0.0969489,0.11874,0.144136,0.173208,0.205754,0.2412,0.278494,0.31606,0.351821,0.38335,0.408141,0.423985,0.429356,0.42371,0.407598,0.382551,0.350785,0.314808,0.27705,0.239588,0.203997,0.171327,0.142151,0.116669,0.094806,0.0763174,0.0608633,0.0480659,0.0375481,0.0289559,0.0219708,0.0163141,0.0117475,0.00807012,0.00511461,0.00274307,0.000842522,
0.55,0.000548121,0.00178422,0.00332947,0.00525961,0.00766807,0.0106696,0.0144041,0.0190416,0.024786,0.0318793,0.0406043,0.0512844,0.0642785,0.0799694,0.0987397,0.120934,0.146799,0.176407,0.209555,0.245655,0.283638,0.321898,0.35832,0.390431,0.41568,0.431817,0.437287,0.431537,0.415127,0.389618,0.357265,0.320623,0.282168,0.244013,0.207765,0.174491,0.144777,0.118824,0.0965572,0.0777271,0.0619875,0.0489537,0.0382417,0.0294908,0.0223766,0.0166155,0.0119645,0.00821919,0.00520908,0.00279374,0.000858085,
0.56,0.00055806,0.00181658,0.00338985,0.00535499,0.00780712,0.010863,0.0146653,0.0193869,0.0252355,0.0324574,0.0413407,0.0522144,0.0654442,0.0814196,0.10053,0.123127,0.149461,0.179606,0.213355,0.25011,0.288782,0.327735,0.364818,0.397511,0.423218,0.439648,0.445217,0.439362,0.422655,0.396683,0.363744,0.326438,0.287285,0.248438,0.211533,0.177655,0.147403,0.120979,0.0983082,0.0791367,0.0631116,0.0498415,0.0389351,0.0300256,0.0227824,0.0169168,0.0121815,0.00836824,0.00530355,0.0028444,0.000873645,
0.57,0.000567998,0.00184893,0.00345022,0.00545035,0.00794615,0.0110565,0.0149265,0.0197322,0.0256849,0.0330355,0.0420769,0.0531442,0.0666096,0.0828695,0.102321,0.125319,0.152123,0.182805,0.217155,0.254564,0.293925,0.333572,0.371315,0.40459,0.430755,0.447477,0.453145,0.447187,0.430182,0.403748,0.370221,0.332251,0.292401,0.252862,0.2153,0.180819,0.150028,0.123133,0.100059,0.080546,0.0642355,0.0507291,0.0396285,0.0305603,0.0231881,0.0172181,0.0123984,0.00851726,0.005398,0.00289505,0.000889204,
0.58,0.000577935,0.00188128,0.00351058,0.0055457,0.00808517,0.0112499,0.0151876,0.0200774,0.0261342,0.0336134,0.042813,0.054074,0.0677749,0.0843193,0.104111,0.127512,0.154784,0.186003,0.220954,0.259017,0.299067,0.339408,0.377811,0.411668,0.438291,0.455305,0.461073,0.45501,0.437708,0.410811,0.376698,0.338064,0.297516,0.257286,0.219066,0.183983,0.152652,0.125287,0.101809,0.0819551,0.0653593,0.0516165,0.0403218,0.0310949,0.0235938,0.0175193,0.0126154,0.00866627,0.00549243,0.0029457,0.00090476,
0.59,0.000587871,0.00191362,0.00357093,0.00564104,0.00822416,0.0114433,0.0154487,0.0204226,0.0265835,0.0341913,0.043549,0.0550035,0.06894,0.0857688,0.1059,0.129704,0.157445,0.1892,0.224752,0.26347,0.304208,0.345242,0.384306,0.418745,0.445826,0.463133,0.468999,0.462832,0.445232,0.417873,0.383174,0.343875,0.302631,0.261709,0.222832,0.187145,0.155277,0.127441,0.10356,0.083364,0.0664829,0.0525039,0.041015,0.0316295,0.0239994,0.0178204,0.0128322,0.00881525,0.00558685,0.00299634,0.000920314,
0.6,0.000597804,0.00194595,0.00363127,0.00573636,0.00836313,0.0116367,0.0157098,0.0207677,0.0270327,0.034769,0.0442849,0.055933,0.070105,0.0872182,0.10769,0.131896,0.160105,0.192397,0.22855,0.267922,0.309349,0.351076,0.3908,0.425821,0.453359,0.470959,0.476925,0.470653,0.452756,0.424934,0.389649,0.349686,0.307745,0.266132,0.226598,0.190308,0.1579,0.129595,0.10531,0.0847727,0.0676063,0.0533911,0.041708,0.0321639,0.0244049,0.0181216,0.0130491,0.00896421,0.00568126,0.00304697,0.000935865,
0.61,0.000607737,0.00197829,0.0036916,0.00583167,0.00850208,0.01183,0.0159708,0.0211127,0.0274819,0.0353467,0.0450207,0.0568623,0.0712698,0.0886673,0.109479,0.134087,0.162765,0.195594,0.232347,0.272374,0.314488,0.356909,0.397293,0.432896,0.460892,0.478784,0.484848,0.478473,0.460278,0.431995,0.396123,0.355496,0.312858,0.270553,0.230362,0.19347,0.160524,0.131748,0.107059,0.0861811,0.0687296,0.0542782,0.042401,0.0326983,0.0248104,0.0184227,0.0132659,0.00911315,0.00577565,0.0030976,0.000951414,
0.62,0.000617668,0.00201061,0.00375192,0.00592697,0.00864101,0.0120233,0.0162318,0.0214577,0.0279309,0.0359243,0.0457563,0.0577915,0.0724344,0.0901161,0.111268,0.136278,0.165425,0.19879,0.236144,0.276825,0.319627,0.362741,0.403785,0.43997,0.468423,0.486607,0.492771,0.486291,0.4678,0.439054,0.402596,0.361305,0.31797,0.274974,0.234127,0.196631,0.163147,0.133901,0.108809,0.0875894,0.0698526,0.0551651,0.0430939,0.0332326,0.0252158,0.0187237,0.0134826,0.00926206,0.00587003,0.00314821,0.000966961,
0.63,0.000627597,0.00204293,0.00381224,0.00602224,0.00877992,0.0122166,0.0164927,0.0218026,0.0283799,0.0365018,0.0464919,0.0587205,0.0735988,0.0915648,0.113057,0.138469,0.168084,0.201986,0.23994,0.281275,0.324765,0.368573,0.410276,0.447043,0.475953,0.49443,0.500693,0.494109,0.47532,0.446112,0.409068,0.367113,0.323082,0.279395,0.23789,0.199792,0.16577,0.136053,0.110558,0.0889974,0.0709756,0.0560519,0.0437866,0.0337669,0.0256212,0.0190247,0.0136994,0.00941096,0.00596439,0.00319882,0.000982505,
0.64,0.000637524,0.00207525,0.00387254,0.00611751,0.0089188,0.0124099,0.0167536,0.0221475,0.0288289,0.0370792,0.0472273,0.0596494,0.074763,0.0930132,0.114845,0.140659,0.170743,0.205181,0.243735,0.285724,0.329903,0.374403,0.416765,0.454114,0.483482,0.502251,0.508613,0.501925,0.482838,0.453168,0.415539,0.37292,0.328192,0.283814,0.241653,0.202953,0.168392,0.138205,0.112307,0.0904052,0.0720983,0.0569386,0.0444792,0.034301,0.0260265,0.0193256,0.0139161,0.00955982,0.00605874,0.00324942,0.000998047,
0.65,0.00064745,0.00210756,0.00393284,0.00621275,0.00905767,0.0126031,0.0170144,0.0224924,0.0292777,0.0376565,0.0479626,0.0605781,0.075927,0.0944614,0.116633,0.142849,0.173402,0.208375,0.24753,0.290173,0.335039,0.380232,0.423254,0.461185,0.49101,0.510071,0.516532,0.50974,0.490356,0.460224,0.422008,0.378727,0.333302,0.288233,0.245416,0.206112,0.171014,0.140357,0.114055,0.0918128,0.0732208,0.0578251,0.0451718,0.0348351,0.0264317,0.0196265,0.0141328,0.00970867,0.00615307,0.00330001,0.00101359,
0.66,0.000657375,0.00213987,0.00399312,0.00630799,0.00919651,0.0127963,0.0172753,0.0228371,0.0297265,0.0382337,0.0486978,0.0615066,0.0770909,0.0959093,0.118421,0.145039,0.17606,0.211569,0.251325,0.294621,0.340175,0.386061,0.429742,0.468254,0.498536,0.517889,0.524449,0.517553,0.497872,0.467279,0.428477,0.384532,0.338411,0.292651,0.249178,0.209272,0.173635,0.142509,0.115804,0.0932201,0.0743432,0.0587115,0.0458642,0.035369,0.0268368,0.0199274,0.0143494,0.00985748,0.00624739,0.0033506,0.00102912,
0.67,0.000667298,0.00217217,0.00405339,0.0064032,0.00933532,0.0129894,0.017536,0.0231818,0.0301752,0.0388108,0.0494329,0.0624351,0.0782545,0.097357,0.120209,0.147228,0.178717,0.214763,0.255118,0.299068,0.34531,0.391888,0.436229,0.475322,0.506061,0.525706,0.532366,0.525365,0.505388,0.474332,0.434945,0.390336,0.343519,0.297069,0.252939,0.212431,0.176256,0.14466,0.117552,0.0946273,0.0754654,0.0595977,0.0465565,0.0359029,0.0272419,0.0202282,0.014566,0.0100063,0.00634169,0.00340117,0.00104466,
0.68,0.000677219,0.00220446,0.00411366,0.0064984,0.00947412,0.0131825,0.0177967,0.0235265,0.0306238,0.0393878,0.0501678,0.0633633,0.079418,0.0988045,0.121996,0.149417,0.181374,0.217956,0.258911,0.303514,0.350443,0.397714,0.442715,0.482389,0.513585,0.533522,0.540281,0.533176,0.512901,0.481384,0.441411,0.396139,0.348627,0.301485,0.2567,0.215589,0.178876,0.14681,0.119299,0.0960341,0.0765873,0.0604837,0.0472487,0.0364367,0.0276469,0.0205289,0.0147825,0.010155,0.00643597,0.00345174,0.00106019,
0.69,0.000687138,0.00223675,0.00417391,0.00659358,0.00961288,0.0133756,0.0180574,0.0238711,0.0310724,0.0399648,0.0509027,0.0642914,0.0805812,0.100252,0.123783,0.151606,0.184031,0.221148,0.262703,0.30796,0.355576,0.40354,0.449199,0.489455,0.521108,0.541337,0.548194,0.540986,0.520414,0.488435,0.447877,0.401942,0.353733,0.305901,0.260459,0.218747,0.181496,0.148961,0.121047,0.0974407,0.0777091,0.0613697,0.0479407,0.0369704,0.0280519,0.0208296,0.0149991,0.0103038,0.00653024,0.0035023,0.00107572,
0.7,0.000697056,0.00226903,0.00423415,0.00668875,0.00975163,0.0135687,0.018318,0.0242156,0.0315209,0.0405416,0.0516373,0.0652193,0.0817442,0.101699,0.125569,0.153794,0.186687,0.22434,0.266495,0.312404,0.360708,0.409364,0.455682,0.496519,0.528629,0.54915,0.556106,0.548794,0.527925,0.495485,0.454341,0.407743,0.358838,0.310316,0.264219,0.221904,0.184116,0.151111,0.122794,0.0988471,0.0788307,0.0622554,0.0486327,0.037504,0.0284568,0.0211302,0.0152155,0.0104525,0.0066245,0.00355285,0.00109124,
0.71,0.000706971,0.00230131,0.00429439,0.0067839,0.00989035,0.0137617,0.0185786,0.0245601,0.0319693,0.0411183,0.0523719,0.0661471,0.0829071,0.103145,0.127356,0.155981,0.189343,0.227532,0.270286,0.316849,0.36584,0.415187,0.462165,0.503582,0.536149,0.556962,0.564017,0.556601,0.535435,0.502533,0.460804,0.413543,0.363943,0.314731,0.267977,0.225061,0.186735,0.15326,0.12454,0.100253,0.0799521,0.063141,0.0493245,0.0380375,0.0288616,0.0214308,0.015432,0.0106012,0.00671873,0.00360339,0.00110677,
0.72,0.000716885,0.00233358,0.00435461,0.00687903,0.010029,0.0139547,0.0188391,0.0249045,0.0324176,0.0416949,0.0531063,0.0670747,0.0840697,0.104592,0.129141,0.158169,0.191998,0.230722,0.274076,0.321292,0.37097,0.42101,0.468646,0.510644,0.543667,0.564772,0.571927,0.564406,0.542944,0.50958,0.467266,0.419343,0.369047,0.319144,0.271735,0.228217,0.189354,0.15541,0.126287,0.101659,0.0810733,0.0640265,0.0500162,0.0385709,0.0292663,0.0217313,0.0156484,0.0107499,0.00681295,0.00365392,0.00112229,
0.73,0.000726798,0.00236585,0.00441482,0.00697415,0.0101677,0.0141476,0.0190996,0.0252489,0.0328658,0.0422714,0.0538406,0.0680021,0.0852321,0.106038,0.130927,0.160356,0.194653,0.233912,0.277866,0.325734,0.376099,0.426831,0.475126,0.517704,0.551185,0.572581,0.579834,0.57221,0.550451,0.516626,0.473727,0.425141,0.374149,0.323557,0.275492,0.231372,0.191972,0.157558,0.128033,0.103065,0.0821943,0.0649117,0.0507077,0.0391042,0.029671,0.0220318,0.0158648,0.0108985,0.00690715,0.00370444,0.0011378,
0.74,0.000736708,0.00239811,0.00447502,0.00706924,0.0103064,0.0143405,0.0193601,0.0255932,0.033314,0.0428478,0.0545748,0.0689294,0.0863943,0.107484,0.132712,0.162542,0.197307,0.237102,0.281655,0.330176,0.381228,0.432651,0.481604,0.524764,0.5587,0.580389,0.587741,0.580012,0.557957,0.523671,0.480186,0.430938,0.379251,0.327969,0.279249,0.234527,0.19459,0.159707,0.129779,0.10447,0.083315,0.0657969,0.0513992,0.0396374,0.0300756,0.0223322,0.0160811,0.0110471,0.00700133,0.00375495,0.00115332,
0.75,0.000746616,0.00243036,0.0045352,0.00716432,0.010445,0.0145334,0.0196204,0.0259374,0.033762,0.0434241,0.0553088,0.0698565,0.0875563,0.108929,0.134497,0.164728,0.19996,0.240291,0.285443,0.334617,0.386355,0.43847,0.488082,0.531822,0.566215,0.588195,0.595646,0.587813,0.565461,0.530714,0.486645,0.436734,0.384352,0.33238,0.283005,0.237681,0.197207,0.161855,0.131524,0.105875,0.0844356,0.0666818,0.0520905,0.0401705,0.0304801,0.0226326,0.0162974,0.0111957,0.0070955,0.00380546,0.00116883,
0.76,0.000756523,0.00246261,0.00459538,0.00725938,0.0105836,0.0147263,0.0198808,0.0262815,0.03421,0.0440003,0.0560427,0.0707834,0.0887181,0.110375,0.136282,0.166914,0.202614,0.243479,0.28923,0.339056,0.391481,0.444288,0.494558,0.538878,0.573728,0.595999,0.603549,0.595613,0.572964,0.537756,0.493102,0.442529,0.389452,0.33679,0.28676,0.240835,0.199823,0.164002,0.13327,0.10728,0.085556,0.0675666,0.0527816,0.0407035,0.0308845,0.0229329,0.0165136,0.0113442,0.00718965,0.00385595,0.00118434,
0.77,0.000766428,0.00249485,0.00465555,0.00735443,0.0107221,0.0149191,0.0201411,0.0266256,0.0346579,0.0445764,0.0567764,0.0717101,0.0898796,0.11182,0.138066,0.1691,0.205266,0.246667,0.293017,0.343496,0.396607,0.450105,0.501033,0.545933,0.581239,0.603803,0.611451,0.603411,0.580465,0.544796,0.499558,0.448322,0.394551,0.3412,0.290514,0.243988,0.20244,0.16615,0.135014,0.108685,0.0866761,0.0684512,0.0534727,0.0412365,0.0312888,0.0232332,0.0167298,0.0114928,0.00728378,0.00390643,0.00119985,
0.78,0.000776331,0.00252709,0.0047157,0.00744945,0.0108607,0.0151118,0.0204013,0.0269696,0.0351057,0.0451523,0.05751,0.0726366,0.0910409,0.113265,0.13985,0.171284,0.207919,0.249854,0.296803,0.347934,0.401731,0.45592,0.507506,0.552987,0.588749,0.611604,0.619351,0.611207,0.587965,0.551835,0.506012,0.454115,0.399649,0.345608,0.294268,0.247141,0.205055,0.168296,0.136759,0.110089,0.087796,0.0693356,0.0541636,0.0417693,0.0316931,0.0235333,0.016946,0.0116413,0.00737789,0.00395691,0.00121535,
0.79,0.000786231,0.00255932,0.00477584,0.00754446,0.0109992,0.0153045,0.0206615,0.0273136,0.0355534,0.0457282,0.0582434,0.073563,0.092202,0.114709,0.141634,0.173469,0.21057,0.253041,0.300588,0.352371,0.406855,0.461735,0.513979,0.56004,0.596258,0.619404,0.62725,0.619002,0.595464,0.558873,0.512466,0.459907,0.404745,0.350016,0.298021,0.250293,0.20767,0.170443,0.138503,0.111493,0.0889157,0.0702199,0.0548543,0.0423019,0.0320973,0.0238335,0.0171621,0.0117897,0.00747198,0.00400737,0.00123085,
0.8,0.00079613,0.00259154,0.00483597,0.00763944,0.0111377,0.0154972,0.0209216,0.0276575,0.036001,0.0463039,0.0589767,0.0744892,0.0933628,0.116153,0.143417,0.175653,0.213221,0.256226,0.304373,0.356807,0.411977,0.467548,0.52045,0.567091,0.603765,0.627202,0.635147,0.626796,0.602961,0.565909,0.518918,0.465697,0.409841,0.354422,0.301773,0.253444,0.210285,0.172589,0.140247,0.112897,0.0900352,0.071104,0.055545,0.0428345,0.0325014,0.0241335,0.0173782,0.0119381,0.00756605,0.00405782,0.00124634,
0.81,0.000806027,0.00262375,0.00489608,0.00773441,0.0112761,0.0156899,0.0211817,0.0280013,0.0364486,0.0468795,0.0597099,0.0754151,0.0945234,0.117597,0.1452,0.177836,0.215872,0.259412,0.308156,0.361243,0.417098,0.47336,0.52692,0.57414,0.61127,0.634999,0.643043,0.634587,0.610456,0.572944,0.525368,0.471486,0.414936,0.358828,0.305524,0.256594,0.212899,0.174734,0.14199,0.1143,0.0911544,0.0719879,0.0562354,0.043367,0.0329054,0.0244335,0.0175942,0.0120866,0.00766011,0.00410827,0.00126184,
0.82,0.000815922,0.00265596,0.00495619,0.00782936,0.0114145,0.0158825,0.0214417,0.028345,0.036896,0.047455,0.0604429,0.0763409,0.0956838,0.119041,0.146982,0.18002,0.218522,0.262596,0.311939,0.365678,0.422219,0.479171,0.533388,0.581188,0.618774,0.642794,0.650937,0.642377,0.61795,0.579978,0.531818,0.477274,0.42003,0.363233,0.309275,0.259744,0.215513,0.176879,0.143733,0.115703,0.0922734,0.0728716,0.0569258,0.0438994,0.0333094,0.0247335,0.0178102,0.0122349,0.00775414,0.0041587,0.00127733,
0.83,0.000825814,0.00268817,0.00501628,0.00792428,0.0115529,0.0160751,0.0217017,0.0286887,0.0373433,0.0480304,0.0611757,0.0772665,0.0968439,0.120484,0.148764,0.182202,0.221171,0.26578,0.315721,0.370111,0.427338,0.484981,0.539855,0.588235,0.626276,0.650588,0.658829,0.650166,0.625443,0.58701,0.538266,0.483061,0.425122,0.367637,0.313025,0.262894,0.218126,0.179024,0.145476,0.117106,0.0933922,0.0737551,0.057616,0.0444316,0.0337133,0.0250334,0.0180261,0.0123833,0.00784816,0.00420912,0.00129282,
0.84,0.000835705,0.00272036,0.00507636,0.00801919,0.0116913,0.0162676,0.0219616,0.0290323,0.0377906,0.0486056,0.0619084,0.0781919,0.0980038,0.121927,0.150546,0.184384,0.22382,0.268963,0.319503,0.374544,0.432456,0.490789,0.546321,0.59528,0.633777,0.65838,0.66672,0.657953,0.632933,0.59404,0.544713,0.488846,0.430214,0.37204,0.316774,0.266042,0.220738,0.181168,0.147218,0.118509,0.0945107,0.0746385,0.058306,0.0449638,0.034117,0.0253332,0.018242,0.0125316,0.00794215,0.00425953,0.0013083,
0.85,0.000845593,0.00275255,0.00513642,0.00811408,0.0118296,0.0164601,0.0222215,0.0293758,0.0382378,0.0491807,0.0626409,0.0791171,0.0991634,0.12337,0.152327,0.186566,0.226469,0.272146,0.323283,0.378976,0.437573,0.496597,0.552785,0.602324,0.641276,0.66617,0.674609,0.665738,0.640422,0.601069,0.551158,0.49463,0.435304,0.376443,0.320522,0.26919,0.22335,0.183311,0.14896,0.119911,0.095629,0.0755216,0.0589959,0.0454958,0.0345207,0.0256329,0.0184579,0.0126799,0.00803613,0.00430994,0.00132378,
0.86,0.00085548,0.00278473,0.00519648,0.00820894,0.0119679,0.0166525,0.0224813,0.0297193,0.0386848,0.0497557,0.0633733,0.0800421,0.100323,0.124812,0.154108,0.188747,0.229116,0.275327,0.327063,0.383407,0.442689,0.502403,0.559248,0.609366,0.648774,0.673959,0.682496,0.673522,0.64791,0.608096,0.557602,0.500413,0.440394,0.380844,0.324269,0.272337,0.225961,0.185455,0.150702,0.121313,0.0967471,0.0764046,0.0596857,0.0460277,0.0349243,0.0259326,0.0186737,0.0128281,0.00813009,0.00436033,0.00133926,
0.87,0.000865364,0.00281691,0.00525652,0.00830379,0.0121062,0.0168449,0.022741,0.0300626,0.0391318,0.0503306,0.0641055,0.0809669,0.101482,0.126254,0.155889,0.190928,0.231764,0.278509,0.330842,0.387836,0.447804,0.508207,0.56571,0.616406,0.65627,0.681746,0.690382,0.681303,0.655396,0.615122,0.564044,0.506195,0.445482,0.385244,0.328016,0.275484,0.228572,0.187597,0.152443,0.122714,0.0978649,0.0772874,0.0603753,0.0465595,0.0353278,0.0262323,0.0188894,0.0129763,0.00822402,0.0044107,0.00135473,
0.88,0.000875246,0.00284907,0.00531654,0.00839861,0.0122445,0.0170373,0.0230007,0.0304059,0.0395786,0.0509053,0.0648375,0.0818915,0.102641,0.127696,0.157669,0.193108,0.23441,0.281689,0.33462,0.392265,0.452917,0.514011,0.57217,0.623445,0.663764,0.689531,0.698265,0.689084,0.66288,0.622147,0.570485,0.511976,0.450569,0.389643,0.331762,0.27863,0.231182,0.18974,0.154184,0.124116,0.0989824,0.0781699,0.0610648,0.0470912,0.0357313,0.0265318,0.0191051,0.0131245,0.00831793,0.00446107,0.0013702,
0.89,0.000885126,0.00288123,0.00537656,0.00849342,0.0123827,0.0172296,0.0232603,0.0307492,0.0400254,0.05148,0.0655694,0.0828159,0.103799,0.129138,0.159449,0.195288,0.237056,0.284869,0.338397,0.396693,0.45803,0.519813,0.578628,0.630483,0.671256,0.697314,0.706147,0.696862,0.670363,0.629169,0.576925,0.517755,0.455655,0.394042,0.335507,0.281775,0.233792,0.191881,0.155924,0.125517,0.1001,0.0790523,0.0617541,0.0476228,0.0361346,0.0268313,0.0193208,0.0132727,0.00841183,0.00451143,0.00138567,
0.9,0.000895003,0.00291339,0.00543656,0.0085882,0.0125209,0.0174219,0.0235199,0.0310923,0.0404721,0.0520545,0.0663011,0.0837401,0.104958,0.130579,0.161228,0.197468,0.239702,0.288048,0.342173,0.40112,0.463141,0.525614,0.585086,0.637519,0.678747,0.705096,0.714028,0.704638,0.677844,0.636191,0.583363,0.523533,0.46074,0.398439,0.339251,0.284919,0.236401,0.194023,0.157664,0.126917,0.101217,0.0799345,0.0624432,0.0481542,0.0365378,0.0271307,0.0195364,0.0134208,0.0085057,0.00456177,0.00140113,
0.91,0.000904878,0.00294553,0.00549654,0.00868296,0.012659,0.0176141,0.0237794,0.0314354,0.0409186,0.0526288,0.0670327,0.0846641,0.106116,0.132019,0.163007,0.199646,0.242347,0.291226,0.345949,0.405546,0.468251,0.531413,0.591541,0.644553,0.686236,0.712876,0.721906,0.712413,0.685323,0.64321,0.5898,0.529309,0.465824,0.402835,0.342994,0.288063,0.239009,0.196163,0.159404,0.128318,0.102334,0.0808165,0.0631322,0.0486856,0.036941,0.0274301,0.019752,0.0135689,0.00859955,0.00461211,0.00141659,
0.92,0.000914751,0.00297767,0.00555651,0.0087777,0.0127971,0.0178063,0.0240389,0.0317784,0.0413651,0.053203,0.0677641,0.0855878,0.107274,0.13346,0.164785,0.201825,0.244991,0.294403,0.349723,0.409971,0.47336,0.537211,0.597995,0.651585,0.693724,0.720654,0.729783,0.720186,0.6928,0.650228,0.596235,0.535084,0.470906,0.40723,0.346736,0.291206,0.241617,0.198304,0.161143,0.129718,0.10345,0.0816983,0.063821,0.0492168,0.037344,0.0277294,0.0199675,0.0137169,0.00869337,0.00466243,0.00143205,
0.93,0.000924622,0.0030098,0.00561647,0.00887241,0.0129352,0.0179984,0.0242983,0.0321213,0.0418114,0.0537771,0.0684953,0.0865114,0.108431,0.1349,0.166564,0.204002,0.247634,0.29758,0.353497,0.414395,0.478468,0.543008,0.604448,0.658616,0.701209,0.72843,0.737657,0.727957,0.700276,0.657244,0.602669,0.540858,0.475988,0.411625,0.350478,0.294348,0.244224,0.200444,0.162882,0.131118,0.104566,0.0825798,0.0645097,0.0497478,0.037747,0.0280286,0.0201829,0.0138649,0.00878718,0.00471274,0.0014475,
0.94,0.00093449,0.00304192,0.00567641,0.00896711,0.0130733,0.0181905,0.0245576,0.0324641,0.0422577,0.0543511,0.0692263,0.0874347,0.109588,0.13634,0.168341,0.20618,0.250277,0.300756,0.35727,0.418817,0.483575,0.548804,0.610899,0.665646,0.708693,0.736204,0.74553,0.735727,0.70775,0.664259,0.609101,0.546631,0.481068,0.416018,0.354218,0.29749,0.246831,0.202583,0.16462,0.132517,0.105682,0.0834612,0.0651982,0.0502788,0.0381499,0.0283277,0.0203983,0.0140129,0.00888096,0.00476304,0.00146295,
0.95,0.000944356,0.00307404,0.00573634,0.00906178,0.0132113,0.0183826,0.0248169,0.0328068,0.0427038,0.0549249,0.0699572,0.0883578,0.110745,0.137779,0.170119,0.208356,0.25292,0.303931,0.361042,0.423239,0.48868,0.554598,0.617349,0.672673,0.716175,0.743977,0.753401,0.743494,0.715222,0.671272,0.615531,0.552402,0.486147,0.42041,0.357958,0.300631,0.249437,0.204722,0.166358,0.133916,0.106798,0.0843423,0.0658865,0.0508096,0.0385526,0.0286268,0.0206137,0.0141608,0.00897473,0.00481332,0.00147839,
0.96,0.00095422,0.00310615,0.00579626,0.00915642,0.0133493,0.0185746,0.0250761,0.0331495,0.0431498,0.0554986,0.0706879,0.0892806,0.111902,0.139218,0.171895,0.210533,0.255561,0.307106,0.364813,0.42766,0.493784,0.56039,0.623797,0.679699,0.723655,0.751748,0.76127,0.75126,0.722692,0.678283,0.62196,0.558171,0.491224,0.424801,0.361697,0.303771,0.252042,0.20686,0.168096,0.135315,0.107914,0.0852233,0.0665747,0.0513403,0.0389553,0.0289258,0.020829,0.0143087,0.00906846,0.0048636,0.00149383,
0.97,0.000964081,0.00313825,0.00585616,0.00925105,0.0134872,0.0187665,0.0253352,0.0334921,0.0435958,0.0560721,0.0714184,0.0902033,0.113058,0.140657,0.173672,0.212708,0.258202,0.31028,0.368583,0.432079,0.498887,0.566181,0.630243,0.686723,0.731134,0.759516,0.769137,0.759023,0.730161,0.685293,0.628388,0.56394,0.496301,0.429191,0.365435,0.30691,0.254646,0.208998,0.169833,0.136713,0.109029,0.086104,0.0672626,0.0518709,0.0393579,0.0292247,0.0210443,0.0144566,0.00916218,0.00491386,0.00150927,
0.98,0.000973939,0.00317034,0.00591604,0.00934565,0.0136252,0.0189584,0.0255943,0.0338345,0.0440416,0.0566455,0.0721487,0.0911257,0.114215,0.142095,0.175448,0.214883,0.260843,0.313452,0.372352,0.436498,0.503989,0.571971,0.636688,0.693746,0.73861,0.767283,0.777003,0.766785,0.737627,0.692301,0.634814,0.569706,0.501376,0.43358,0.369171,0.310048,0.25725,0.211135,0.17157,0.138111,0.110144,0.0869845,0.0679505,0.0524013,0.0397603,0.0295236,0.0212595,0.0146044,0.00925587,0.00496411,0.00152471,
0.99,0.000983796,0.00320242,0.00597591,0.00944023,0.013763,0.0191503,0.0258533,0.0341769,0.0444873,0.0572187,0.0728788,0.0920479,0.11537,0.143533,0.177223,0.217058,0.263482,0.316625,0.37612,0.440915,0.509089,0.57776,0.643131,0.700766,0.746085,0.775048,0.784866,0.774545,0.745092,0.699307,0.641238,0.575472,0.50645,0.437968,0.372907,0.313186,0.259854,0.213271,0.173306,0.139509,0.111258,0.0878647,0.0686381,0.0529316,0.0401627,0.0298223,0.0214746,0.0147522,0.00934954,0.00501434,0.00154014,
